0.1254709 0.07292597 0.07988718 0.6455998 0.3691612
0.1659437 2.269204 0.1396238 0.06577172 0.0514151
0.101203 0.1839185 0.1935719 0.02732202 0.2544935
0.3131824 0.1909001 0.8482409 0.2877865 0.04395584
0.2172597 0.3773449 0.4221755 0.1176142 0.07935927
0.7357196 0.06482045 0.05344449 0.08962607 0.0535914
0.06084827 0.1136623 0.1719787 0.9431156 0.1350238
0.07864843 0.1168746 1.74584 0.06760567 0.8382835
0.1325063 0.2580918 0.389438 0.2204408 0.9074567
0.08598027 0.04112403 0.02719765 0.3012873 2.274027
