0.003894071 0.04317498 0.07125321 0.2344943 0.3729886
0.009020448 7.426523 0.001330338 0.04113655 0.06959957
0.06850364 0.1540801 0.1779689 0.02399545 0.0001324732
0.004186601 0.2217484 0.6577339 0.776834 4.804146e-05
0.1556805 0.04421455 0.2156791 0.09092825 0.06030089
0.4621468 0.006184928 0.06684301 7.01423e-05 0.09441557
0.3619958 0.04069742 0.0473084 0.6911542 0.0173009
0.003374437 0.1313047 2.254539 0.3998921 0.2571648
0.08342795 0.7039068 0.0516343 0.001251165 2.008905
0.04915357 0.2857618 0.0449642 0.01635918 1.734456
