0.1645588 0.04323365 0.08171398 0.2733142 0.4988894
0.06905511 2.91452 0.4273972 0.08030241 0.1719973
0.1150788 0.02444606 0.01392435 0.104718 0.2171644
0.1888178 0.395335 0.7744812 0.08063792 0.1026656
0.4629271 0.09721915 0.1665471 0.09124232 0.0718006
2.013284 0.1239955 0.04514886 0.1254109 0.03067844
0.02115445 0.1117868 0.07906263 0.9372433 0.04475079
0.09437562 0.1002432 3.169855 0.06866728 0.5012925
0.3273677 0.07111211 0.6055538 0.166391 1.87502
0.04236221 0.2354456 0.02550937 0.341957 2.032413
